3598 7825 0
3076 4447 0
3619 7355 0
6178 8691 1
8058 7645 1
4619 5778 0
6265 9831 1
7530 4814 1
7648 8748 1
8469 4380 1
9612 4010 0
7556 3249 0
8358 7823 1
7010 9819 1
3991 7713 0
5448 8982 1
6910 5392 1
6987 4838 0
7068 9420 1
7770 4780 1
6845 4367 0
9071 6757 1
5083 4973 0
3433 4497 0
7937 6916 1
6361 7055 1
8139 4513 1
9399 3883 0
6229 5078 0
3981 6543 0
6207 7430 1
8623 5716 1
5289 6408 0
5370 7004 1
4188 7230 0
5474 5273 0
3509 9983 0
6457 8139 1
7635 4281 0
3447 7667 0
8471 5723 1
5296 4766 0
9447 6572 1
8355 4151 0
5290 4601 0
6297 5315 0
7742 7227 1
9904 8854 1
6333 9680 1
9220 8892 1
8120 7428 1
10000 6195 1
9116 4442 1
3594 6202 0
5092 5043 0
5028 6114 0
9937 7039 1
3433 9734 0
7459 7153 1
7372 7999 1
7715 8589 1
3658 4767 0
5753 4102 0
3081 5113 0
4500 6749 0
6782 4252 0
4107 9806 1
5090 5311 0
8047 9337 1
6713 6255 1
3445 4397 0
6431 7956 1
7298 9673 1
6086 7323 1
5994 7667 1
10000 7334 1
4803 8860 1
5089 7690 1
6128 4431 0
8234 4361 0
8999 7007 1
9592 4741 1
6772 6690 1
5736 6084 1
8040 9154 1
7042 8712 1
4256 8021 0
7575 9168 1
8035 9845 1
5304 6174 0
9545 7857 1
9137 8824 1
5604 3572 0
7538 8518 1
9064 4720 1
8451 5021 1
4245 8909 1
9951 6940 1
5691 6614 1
7571 9013 1
